1.000000000000000000e+02 2.568471210972009189e+01 -1.000000000000000000e+02 1.000000000000000000e+02 -9.909683941617906555e+00 -4.188334922448299835e+01 -1.000000000000000000e+02 -2.056725661362488911e+00 1.000000000000000000e+02 -1.000000000000000000e+02 -1.696070860767634469e+00 7.105305320328227481e+01 -5.705895015175394747e+01 2.018772400489563523e+01
1.000000000000000000e+02 3.483877262483211723e+01 -8.000000000000000000e+01 3.542093254871922881e+01 1.720850948138541270e+01 -5.801314381516174024e+01 -9.290696466887034433e+01 2.695225305591396392e+00 4.024746128576310156e+01 1.868729579606871027e+01 1.726365299257754060e+00 8.667270714851220248e+01 7.694710602902734564e+00 1.729470002252434213e+01
1.000000000000000000e+02 1.294121501107984784e+01 -2.135021651295872402e+01 4.271597584453225949e+01 -4.113354694211174944e+01 3.758121845392012972e+01 6.359121008218641791e+00 -1.153367143695584573e+00 5.848348326399333530e+01 3.655753953999278849e+01 8.246976239410805931e+01 9.568885672351008509e+01 -1.274666487201252529e+01 -2.219422127333122319e+01
1.000000000000000000e+02 2.424052399155527837e+01 -4.110961193820863002e+00 9.236885081367425698e+01 1.672187952654872234e+01 -9.125509075136835691e+01 -4.668990422592646183e+01 -1.868885587209635091e+01 2.106514958864758569e+01 8.893222352209914305e+00 -4.035227424079648983e+01 5.607662163177963066e+01 -1.722055511967933228e+01 1.040131282049657990e+01
1.000000000000000000e+02 1.503864455728493255e+01 2.106762993204839063e+01 3.370297729534288322e+01 -5.248688287043114187e+00 4.232381906148441431e+01 1.143881619822014528e+00 1.800728225058964682e+01 -1.252667156615253141e+01 6.194715333999187834e+01 4.666042537454957895e+00 2.439572741901059061e+01 -1.615525234056271131e+01 4.418361035096512524e+01
1.000000000000000000e+02 4.375477374683234899e+01 4.846799809457448482e+00 5.881603889077415204e+01 -3.184729978907000003e+01 2.044346306509314104e+01 -7.069921202001163252e+00 1.213343492304066729e+01 3.129899439283761708e+01 3.148723351581385543e+01 1.000000000000000000e+02 1.000000000000000000e+02 9.209497129982874952e+00 -1.016687372414605406e+01
1.000000000000000000e+02 2.192241931629515506e+01 1.857754368301888448e+01 7.186374443729741301e+01 -3.797319859988182600e+01 2.838626738487362644e+01 5.732384789973668404e+01 4.697843756060262876e+01 4.260831069917981040e+01 7.223299957895135037e+01 1.000000000000000000e+02 7.106834260483060106e+00 -1.220144318864056743e+01 4.735646648279967508e-02
1.000000000000000000e+02 2.472233900573206711e+01 -2.782433353069126980e+00 6.232295543561149032e+01 9.206736171273172431e+01 -1.000000000000000000e+02 -4.633971238961576233e+01 -8.000000000000000000e+01 4.603200662042502245e+01 -1.090107895297652618e+01 5.617833050237479142e+00 4.171237779722772387e+01 -1.726934719752310343e+01 2.559066912032503538e+01
1.000000000000000000e+02 9.413390449225417456e+01 -4.342548540016835545e+00 1.000000000000000000e+02 -1.807406505952526032e+01 -1.000000000000000000e+02 8.245125910283803705e-01 -1.330671925695440549e+01 8.000000000000000000e+01 -2.264248070818803882e+01 1.366645581072628879e+01 8.561177018481913592e-01 -3.105789394861383812e+01 3.959939975921349031e+01
1.000000000000000000e+02 6.027399205146635808e+01 -7.074976944499368869e+01 4.350656194287800815e+01 5.437579966834525180e+01 -1.781464482430623608e+00 -6.710818625336725063e+01 -7.775488644423698759e+01 4.839664503537811413e+01 -9.754767686910348345e+01 2.268322779160358849e+01 3.353906929630582567e+00 1.365268030450894265e+01 -1.961036271563325073e+01
9.942008342268911747e+01 4.006704664920525261e+01 -4.789632716295722048e+01 1.000000000000000000e+02 -2.248729184792968283e+01 -3.864090160308509780e+01 -9.032073425006952050e+01 7.330699542284680348e+00 9.305081320740647755e+01 -1.000000000000000000e+02 5.922883658106431248e+00 1.000000000000000000e+02 -6.419234049499601724e+01 7.336611041874064654e+00
1.000000000000000000e+02 5.766171710877534196e+01 -9.972060428730976867e+01 5.233584284510966000e+01 -4.876480662322585147e+01 -1.224821353718606431e+01 8.194967400291479009e+01 -3.112183104306712522e+01 -4.517984930964630763e+01 -1.297892971731586798e+00 4.888579037802263549e+00 1.000000000000000000e+02 1.418467978259346474e+01 -5.597281083310862471e+01
1.000000000000000000e+02 3.267797850429881379e+01 1.397066407758310191e+01 4.245670000916317832e+01 -9.545391532408398216e-01 1.054923314052007788e+00 -2.771207138438120410e+01 -2.577221662722073603e+01 9.504220148882495778e+00 -1.747117619870472183e+01 -2.087736504219510181e+00 -1.168288760211413901e+01 9.782702159378428064e+01 5.874510542326730445e+01
1.000000000000000000e+02 4.000000000000000000e+01 -3.257692460548657465e+00 3.584662202613201032e+01 -3.557424423122075297e-01 4.264381308955813665e+01 -3.317208972316497295e+01 1.000000000000000000e+02 -6.416813159805147393e+01 1.874713600740223285e+01 -5.044934386998509979e+01 1.001045939958078357e+01 -8.822650683370855518e+01 9.188421673950774249e+00
1.000000000000000000e+02 2.884227328888030684e+01 2.267049691871440942e+01 8.467365187865540577e+01 -3.675100812196933475e+01 -6.883290635842667093e+00 1.191896992475730421e+01 5.348198730217450247e+01 4.228962169732736243e+01 7.266160265940101226e+01 6.000000000000000000e+01 7.365556944874795420e+01 7.584681511221398864e+01 1.000000000000000000e+02
1.000000000000000000e+02 -2.698242037454809150e+01 -1.226346687430938687e+01 -2.704888211775636009e+01 5.616548410941614833e+00 4.519399591347447398e+01 -5.322797487239920144e+01 -8.000000000000000000e+01 3.320208185579021176e+01 6.725364537786508379e+01 9.509856187901188207e+01 5.566576836983140097e+00 -2.515167764735453559e+00 7.656469434919448247e+01
1.000000000000000000e+02 4.442289487326500819e+01 3.580972226139861903e+01 9.439488774026783346e+01 1.291739878222026050e+01 -2.688529198387726638e+01 1.343637759019668465e+01 1.525172123243530820e+01 -5.034981399948511793e+00 2.638614680035285431e+01 1.936864766739148536e+01 6.622495412262300363e+01 1.728387685063924550e+01 -1.120708012579546775e+01
1.000000000000000000e+02 -2.520826444856079718e+01 -2.532992090401116769e+01 -9.246123667776323884e+00 8.730611744976865651e+00 4.212835525790194424e+01 4.923806948129060856e+01 7.477489076405634982e+00 2.051632002711749081e+01 7.854642537440618355e+01 7.911038626484288905e+00 3.332657241450325358e+01 9.716731761056003336e-01 4.255390257406841670e+01
1.000000000000000000e+02 1.191592978860316521e+01 7.975501098981213488e+01 5.112140245303762498e+01 3.336133709620271759e+01 1.706647505093669892e+01 -1.409244816353727003e+01 2.366609534856142716e+01 7.430201581141030687e+00 3.228541581056948218e+00 -2.847016546905842205e+01 -1.731994879346621552e+00 -4.718983806164426476e+00 3.946635231797873899e+01
1.000000000000000000e+02 6.358598381249775144e+01 -3.985412934902065274e+01 3.985869771904896197e+01 4.977243127989486027e+01 5.393218603217717799e+01 -1.000000000000000000e+02 -1.000000000000000000e+02 5.570414825025666516e+01 8.619032041215339746e+01 -2.860259944652971598e+01 1.000000000000000000e+02 -2.890305867010789598e+01 8.838632764489750215e+00
1.000000000000000000e+02 2.191658129036220970e+01 -8.000000000000000000e+01 5.951914464577264141e+01 8.778669154473189451e+01 -8.998009417628574624e+01 -5.240426569791378597e+01 -2.215834989205386307e+01 3.341751797434785942e+01 9.658854677309683723e+00 1.097093834413518110e+01 1.000000000000000000e+02 -1.129617534684657087e+01 -1.113072944066730585e+01
1.000000000000000000e+02 1.416786565055686253e+01 4.987416569629222352e+01 9.109686513291313759e+01 3.106319843208282805e-02 1.973502081321767321e+01 3.851629100455880916e+01 -3.009425489826732658e+01 -2.600794793981808795e+00 3.627907999068669653e+01 6.234962059016007174e+01 -1.034054795548289007e+01 6.000000000000000000e+01 2.528694692975835778e+01
1.000000000000000000e+02 4.345460873017145786e+01 3.096705522724280968e+01 8.828669641607420715e+01 8.021835597162197473e+01 2.490414462014882702e+01 1.160261272709260538e+01 -1.000000000000000000e+02 5.700665267485172194e+01 3.144920387898930869e+01 3.423046102367173660e+01 7.809934693500213143e+01 -9.500459972093535654e+00 1.000000000000000000e+02
1.000000000000000000e+02 -3.492948860257921240e+01 -9.413914471978593212e+01 -7.264921822399976747e+00 8.000000000000000000e+01 4.190783633436866040e+01 -1.000000000000000000e+02 1.000000000000000000e+02 -5.975925972938458131e+01 8.000000000000000000e+01 1.000000000000000000e+02 6.577167737225335031e+01 4.401440146999981096e+01 7.587080144103538260e+00
1.000000000000000000e+02 -1.674780785106496594e+01 -1.198738196571147618e+01 -1.478901799546204288e+01 -5.117261283915681247e+00 4.320286111076710256e+01 4.211977210783744141e+01 -1.557470053676111199e+01 1.037476597721923888e+01 5.597912745992722705e+01 2.788192399984303194e+01 4.594860712795458113e+01 -1.364362543107592707e+01 2.750487866643644708e+01
1.000000000000000000e+02 3.096990145424106444e+01 -9.702634237810501361e+01 1.000000000000000000e+02 -5.968103948459264174e+00 -3.964811312023660861e+01 -9.117673371183083475e+01 4.705310618177577453e+00 1.000000000000000000e+02 -9.680941403647291565e+01 2.827158529064898396e+00 7.754218107719549380e+01 -5.682596781889153448e+01 2.606334650629529648e+01
1.000000000000000000e+02 2.177331364794202173e+01 2.230028469883193409e+01 1.992521481889692581e+01 -5.263147260849208919e+00 4.251882337654308230e+01 -6.774360797555213765e+01 1.706413425620421975e+00 4.147695376617512864e+01 5.921394812692285825e+01 -2.331158017804530047e+01 -1.433688942244617870e+01 1.000000000000000000e+02 -4.852446189657392495e+00
1.000000000000000000e+02 4.934041466651036245e+01 -9.978171081798295816e+00 1.838849114769699611e+01 -4.693458319143688051e+00 3.470537614151679406e+01 -8.327815534461392133e+01 3.770589792411161056e+01 8.932165496900745438e+01 4.390525229867589019e+01 7.503462295292709427e+01 1.315913181896167927e+01 -7.017829567134930357e+01 3.778985056885667859e+01
1.000000000000000000e+02 4.786892132792146271e+01 -1.000000000000000000e+02 4.688394599415755692e+01 -5.255727157169989994e+01 -1.403378818336048006e+01 7.361130269808633386e+01 -3.179467199585551285e+01 -5.357235372557362751e+01 -1.127489198083039668e+01 1.868100014687747112e+00 1.000000000000000000e+02 1.260634961695492962e+01 -5.632640764382114185e+01
1.000000000000000000e+02 3.820692808145741992e+01 2.855609975367431730e+01 5.702090157428006734e+01 1.698525843551253445e+01 -9.351927033916165755e+00 1.594355272865322526e+00 6.601217881903254181e+01 2.331036300192436528e+01 -2.316407656650881819e+01 1.271779462959346318e+01 6.314684462999493064e+01 4.007545447826344542e+01 6.407478941175862985e+01
1.000000000000000000e+02 2.978340431273226585e+01 -2.770671092757319087e+01 9.753235572581148460e+01 2.841527782030350124e+01 -1.000000000000000000e+02 2.507921946676007963e+01 -4.589638383274659894e+00 5.483247504731280486e+01 -2.220895158596083974e+01 7.329197451774053462e+00 3.464762752611640906e+01 6.844789533013411642e+00 2.503001064072952175e+01
1.000000000000000000e+02 1.000000000000000000e+02 -6.653499121100948344e+01 1.430798007308699127e+01 -1.521470228840671624e+01 -2.399847431468180581e+00 -8.791933132595299583e+01 -2.738669372758925746e+01 2.528620732923454639e+01 -1.000000000000000000e+02 3.246982863545721187e+00 8.323511470906450427e+01 1.247102657473772958e+01 -7.226075649418248759e-01
1.000000000000000000e+02 5.578793990380576417e+01 -5.793145639616117393e+00 2.536471397269080796e+01 -2.184364770121874244e+01 2.437806858036082147e+01 9.929304080781317765e+00 2.288712727550531412e+01 7.440043924318102597e+01 -6.359778589601103249e+01 -7.536515101153452179e+01 4.470107834812552028e+01 -5.917512278212809207e+01 -1.946835455487378397e+01
9.208988457920462167e+01 1.321929379600491572e+01 -2.040673765829495778e+01 7.763843234483147171e+01 5.470017589477460973e+00 4.237147415265283712e+01 -1.325113901734646227e+01 -8.235613881040603701e+01 4.667683712077757718e+01 4.141179043465542975e+01 9.423599319758982062e+01 -4.747930908829630425e+01 9.948944254123833275e+01 -3.200890394392059335e+01
1.000000000000000000e+02 4.464222814210904033e+01 -2.052995747779440272e+00 4.328526081125382063e+01 2.686535511031471302e+01 -4.489196640655629267e+01 -2.641952154944097941e+01 1.053432110079469197e+01 6.000000000000000000e+01 8.814152880934953416e+00 4.015138284978498895e+00 1.000000000000000000e+02 -1.883109131871475128e+01 -6.449529718351526775e+00
1.000000000000000000e+02 9.377380819916753651e+00 -1.590165561628236190e-01 3.418227052300760960e+01 -5.354384621540113187e+01 5.017043743048053273e+01 -9.643427721016516330e+01 1.004408188733203744e+01 -7.039802607169622917e+00 -3.826644485072708335e+01 -8.923633789285503326e+00 1.558539891671353494e+01 -8.797291671832415005e+00 2.810673549968156770e+00
1.000000000000000000e+02 8.783664260577285177e+01 3.478312765815091723e+01 4.913778470601982917e+01 1.343347725325107156e+01 3.463865983801995174e+00 2.402561714706939000e+01 -2.650641942465951750e+00 -1.372522143005226702e+01 -6.132736022348667859e+01 2.611324178950780350e+01 8.347444374467399086e+01 1.236344633906779578e+01 4.337444587164618781e+00
1.000000000000000000e+02 1.909623280228404951e+01 3.427481542529668701e+01 9.641796256622910732e+01 -9.213942665474080229e+01 4.171680669981640222e+01 3.950626738884768230e-01 1.000000000000000000e+02 -1.554122279374877280e+01 9.816387223340218782e+01 1.000000000000000000e+02 9.969390508174400622e+01 3.995639846692255759e+01 -1.161152583848931208e+01
1.000000000000000000e+02 4.128696463733681554e+01 -1.955246278232547397e+01 2.632658787331633121e+01 6.765413666307493301e+00 -7.460625737525558065e+01 -7.191995160401508258e+01 -3.687041687937966827e+00 9.028823075899087769e+01 -4.414772927712466100e+01 1.343290765277473042e+01 4.180404615985663952e+01 -3.079689480943001101e+00 6.177220712254366219e+01
1.000000000000000000e+02 3.055849226014323605e+01 5.379914627806819283e+01 1.528622559559721239e+01 -6.372164748128470535e+01 2.608437262675201396e+01 -1.142502473404236696e+01 -5.927870360804048389e+00 1.323507471077476794e+00 2.583353745823403713e+01 1.000000000000000000e+02 -1.321359374154789990e+01 2.450442411977012824e+01 1.000000000000000000e+02
9.980766717727243531e+01 1.000000000000000000e+02 -1.117448710494553765e+01 7.378479774847082240e+01 9.080617446194534637e+01 -2.845472333256747532e+00 2.040518670323606898e+01 8.000000000000000000e+01 5.012196583224587698e+01 6.549933492606101026e+01 1.000000000000000000e+02 -1.222372448030700021e+01 -8.000000000000000000e+01 -1.000000000000000000e+02
1.000000000000000000e+02 6.346382690623281064e+01 4.920478349526568707e+00 3.486652194820911177e+01 -2.179023074962083939e+01 -3.251867252815258524e+01 -8.870468434839854410e+01 -4.475971114095136727e+01 1.786731595525032645e+01 1.158963403209510545e+01 7.626114959863816267e+00 8.742669909803946382e+01 -3.995436980602745436e+00 -9.611219314665309099e+00
1.000000000000000000e+02 1.644368406291546236e+01 -8.289480266064565228e+01 1.000000000000000000e+02 6.059524996233336935e+01 -4.978176677846670373e+01 -1.478212796454261735e+01 -7.247603926519636275e+01 2.135651892690744802e+01 2.524436606731332944e+01 -3.067219013170115360e+01 8.756523885178889088e+01 -2.568340748358878045e+01 7.357249780382736049e+01
1.000000000000000000e+02 7.412127984626899035e+01 -1.000000000000000000e+02 8.000000000000000000e+01 8.000000000000000000e+01 2.146297028903571658e+01 -3.897183537572135315e+00 -3.707360914101054306e+01 -1.017611779749420187e+01 -7.670479460809900729e+01 2.905269455708123338e+00 7.635436761899061509e-01 -1.000000000000000000e+02 5.583714223270462185e+00
1.000000000000000000e+02 1.936825816893804131e+01 -6.432251949863526441e+00 9.935875821155522658e+01 3.531149711162488991e+00 3.782017542488751616e+01 -4.528926623270598384e+01 -1.321312438416029300e+00 3.587372027548466491e+01 9.227322687354364561e-01 5.521829837421334730e+01 4.944832529701658785e+01 1.741234079375172383e+00 -5.803235228614816776e+00
1.000000000000000000e+02 -5.259340757694879187e+01 4.500932116560294105e+01 -2.886216981373478774e+01 4.611234822169373615e+01 4.297155464258212731e+01 9.547986680597141174e+00 1.134330362034815742e+01 4.768956150353068857e+00 -7.207654516570772785e+01 -9.163079364257898263e+00 7.551225796296753856e+01 1.442088449985554632e+01 -3.894740040641238465e+01
1.000000000000000000e+02 7.300536565378577336e+01 4.767375044534786355e+01 1.065232352571731766e+01 -1.740954703635065215e+00 7.021002192587444846e+00 1.000000000000000000e+02 4.067471401466774950e+01 -5.647652065892252438e-01 3.776690015370769871e+00 4.538243884041606435e+01 -8.066668082640417481e+01 6.284359406087660638e+00 -5.601848116358560503e+00
1.000000000000000000e+02 5.832049794443022961e+01 -4.120669846942020342e+01 1.000000000000000000e+02 6.416326865292397486e+01 -3.158587573066940024e+01 -2.414544046994642557e+01 -6.159736937354713859e+01 8.832782341873674170e+01 2.512991118504355015e+01 5.051843828063486797e+01 3.377923963728585477e+01 -6.250012056228650437e+01 6.229258110063130260e+01
1.000000000000000000e+02 -5.156316150582225255e+00 -7.837554714369724707e+01 -3.835041717546486950e+01 8.000000000000000000e+01 4.826938529775608799e+01 -2.825035066533844841e+01 4.704582990259181230e+01 -7.623581346048876384e+00 -5.466928807610603513e+00 9.842653821285658466e-01 3.496424004337517033e+01 6.906927164520331175e-01 1.780259600095060080e+01
1.000000000000000000e+02 3.610978038988581318e+01 -6.659443222413690933e+01 1.000000000000000000e+02 2.983587632569896897e+01 -1.000000000000000000e+02 -6.355443466555895071e+01 -5.796666740514075400e+01 1.000000000000000000e+02 -3.182908605036971750e+01 4.395502460090725094e+00 8.046780270485666620e+01 -8.673516278732193996e-01 5.428042828508851159e+01
1.000000000000000000e+02 9.355228489145462234e+00 -1.266926341317554217e+00 6.545369714191218691e+01 1.291332642838516520e+01 2.372914185835006862e+01 -5.285560959868634257e+01 1.145278170372510829e+01 -5.292080725747926095e+00 -1.000000000000000000e+02 -5.208288888182822873e+00 8.588121661866908596e+01 4.901519806990463302e+00 7.925007422407050228e+01
1.000000000000000000e+02 5.779249792624901261e+01 4.563992690867540603e+01 8.000000000000000000e+01 -1.861530865099566512e+01 -1.288326099668837621e+01 1.133439515778935203e+00 4.201959361958853378e+01 1.725108957087449824e+01 6.172037922079026373e+01 1.051571956787129203e+01 7.158714645629777351e+01 6.200235776231962603e+01 -2.270818174077737694e+01
1.000000000000000000e+02 2.925898243546359190e+00 -1.939120612918390663e+01 8.114335398327631310e+01 3.842576662337506832e+00 4.735849479727906441e+01 -1.730568037607373455e+01 -1.376429166462927256e+01 3.471357793242533774e+01 -1.400571131467704511e+00 1.921279894482953665e+00 4.167534912651410650e+01 -3.647611225431412141e+00 -5.148027855584099477e+00
1.000000000000000000e+02 4.340817139745638542e+01 6.356604861218038138e+01 6.264265098914146535e+01 4.000000000000000000e+01 -2.700790196292617651e+01 -7.602368151389815409e+01 -7.287519904666420523e+00 -1.193319589598257835e+01 1.000000000000000000e+02 1.000000000000000000e+02 4.682836849774074039e+01 -2.657833567880053849e+01 1.907261513648727913e+01
1.000000000000000000e+02 8.047866652025187761e+01 -2.549442411472118053e+01 6.748240303566628029e+01 1.000000000000000000e+02 -4.849492054994112777e+01 -4.963323246735380678e+01 -4.176050970759656167e+01 -2.110244850378881765e+00 -1.205213834988958688e+01 -3.327213685095659201e+01 8.000000000000000000e+01 1.270447045120496199e+01 -1.281833597391974067e+01
1.000000000000000000e+02 1.000000000000000000e+02 1.255414959940655706e+01 1.510689252801917348e+01 -8.002199577149423249e+01 1.733338971705332909e+01 -4.888561433783368670e+01 2.804090541165822792e+00 -2.868049961541023762e-01 6.605421721912392741e+00 -1.000000000000000000e+02 1.840177296660952422e+00 -3.322094870311906334e+01 -7.300051564832097029e+01
9.961905498389116076e+01 2.234152538834505464e+01 -2.569897027958521107e+01 4.510034577569412306e+01 -6.723343989453463898e+00 -7.025982740779011237e+01 -5.438079325687865406e+01 -6.567735089263760528e+01 1.000000000000000000e+02 -4.998276127916457057e+01 2.995197235729221319e+01 4.276267413266869255e+01 -1.112130523375290814e+01 -1.031495829393401920e+01
1.000000000000000000e+02 5.957180644499931077e+01 2.430035241427250625e+01 6.894232630464122735e+01 3.128203974156573253e+00 6.645784631443617307e+00 -9.753968455881749833e+01 -7.232755042263190148e+01 -3.635727744407943618e+01 6.627573893920933301e+01 -7.573119897367229569e+00 -6.351279939931657736e+01 6.000000000000000000e+01 -1.271912478834451576e+01
1.000000000000000000e+02 3.932101667202503137e+01 -4.343114137189405000e+01 4.000000000000000000e+01 -9.988996268334673800e+01 -9.910374128514895631e+00 -3.627958949109220299e+01 7.772981621246323414e+01 7.646914036417327054e+01 1.000000000000000000e+02 7.760381859550517447e+01 3.970920642554427360e+01 3.125097242729063751e+00 -4.139432061048053058e+00
1.000000000000000000e+02 2.298586734840084844e+01 -8.000000000000000000e+01 3.816694116887806132e+01 8.000000000000000000e+01 -8.000000000000000000e+01 -1.142798638973409986e+01 4.867685615942798449e+01 7.079508153450541386e+01 -6.856513271277012933e+00 7.937119668495481051e+01 6.684626653443817190e+01 -1.352720984913287161e+01 -2.669036276452759893e+01
