1.000000000000000000e+02 -4.134399441576577772e+01 -1.888349547522545890e+01 -5.554716722511651028e+01 6.230759541827751491e+00 2.781902073963077981e+01 -3.996262942499802762e+01 -6.237498635033911398e+01 2.631339556681186309e+01 3.372441599652345445e+01 9.478800944320396127e+01 1.825376514980237275e+01 7.428494425551241065e+00 1.000000000000000000e+02
1.000000000000000000e+02 1.595315292904651727e+01 -2.398758643348573472e+01 7.754943157336758475e+01 -1.317574294391184431e+01 -3.313174382658295514e+01 -2.117427300607219820e+01 7.898504831774739898e+01 1.000000000000000000e+02 8.000000000000000000e+01 7.060449225356273928e+01 1.224735908898538739e+01 1.077090828114036292e+01 4.630101642701428766e+00
1.000000000000000000e+02 2.772093629301816264e+01 -1.698020792119831412e+01 8.000000000000000000e+01 -1.154192194384167180e+01 -1.767163745530215735e+01 -6.000000000000000000e+01 2.008755928040224958e+01 2.579820495975108940e+01 -6.000000000000000000e+01 6.091551769932962657e+01 1.000000000000000000e+02 -2.093038926434739722e+01 3.494872515952507541e+01
1.000000000000000000e+02 6.120551845274189873e+01 1.417402271539144110e+00 9.089063249026661140e+01 2.070882932929886522e+01 3.470851932917261706e+01 6.645764156584482407e+01 -4.911094960476611426e+00 6.309559596025378525e+00 -6.958354978006079250e+01 2.269881779078008677e+01 2.494282816111951462e+00 2.667056567157194635e+01 4.772576162363333374e+00
1.000000000000000000e+02 8.600135181413004659e+01 -1.000000000000000000e+02 6.712739621072326202e+01 1.315803430780205652e+01 -2.685388112563533980e+01 -8.456430968519445912e+01 5.805596017213688498e+01 6.331452054472458713e+01 4.144049173212253123e+01 2.707371671350926334e+01 3.790683353390939914e+01 2.763105247230356198e+01 5.546615905443336203e+01
1.000000000000000000e+02 3.380650271290464559e+01 -6.018658979604760617e+01 6.637673838376771585e+01 1.311968409111377198e+01 -2.814831223843215469e+01 -3.151245689235658176e+00 2.610974228251120621e+01 4.183622241922024898e+01 4.460206096691280209e+01 2.042579524135311431e+01 4.711497393173421955e+01 -5.914270083009812495e+00 4.316535194956846055e+01
1.000000000000000000e+02 6.876571996048426172e+00 -9.091803496720832101e+00 1.000000000000000000e+02 -7.884370990227958487e+01 3.268417188978644816e+01 5.530350170896742412e+00 8.000000000000000000e+01 2.192324467865063298e-01 8.000000000000000000e+01 8.000000000000000000e+01 8.480499273225555612e+01 1.061205278849386424e+01 -3.035997546851835693e+01
1.000000000000000000e+02 6.573950414303297407e+01 6.297428787087758906e+01 5.725105870861763435e+01 9.427088140526248594e+01 2.124549147795191217e+01 4.024252250371195316e+01 -6.797127914563739637e+01 1.760301242923539533e+01 2.100387412276334231e+01 5.433882298987526127e+01 4.092468706205968232e+01 1.218702636906709103e+01 3.387377761846904178e+01
1.000000000000000000e+02 5.796142905843120730e+01 1.323921817447915217e+01 5.266658542443789059e+01 2.429763675007024304e+01 8.136131355937852305e+00 -2.612831981263302339e+01 2.714411611757722653e+01 2.314456178735334291e+01 1.281055394563924921e+01 4.247050349544302605e+01 -4.040164365602473140e+01 1.016557157753923946e+01 4.171293873224161075e+01
1.000000000000000000e+02 3.894142855215669385e+01 8.449374616333842347e-01 1.091878276462418640e+01 7.958149964406126742e+01 5.724079923081782795e+01 1.002696245039509826e+01 7.144488943254762603e+01 1.555950534676190244e+01 -2.695260788952955622e+00 6.131892562470397934e-02 9.177506942263992329e+00 -1.933801460866545341e+01 -8.602123852414651139e+01
1.000000000000000000e+02 2.903205825945563134e+01 -7.070320855124529658e+01 4.964878422354227894e+01 6.000000000000000000e+01 -4.276589558689880732e+01 1.571010207807166381e-02 2.214342120570224637e+01 7.353166088892065488e+01 -8.696943473076593989e+00 1.000000000000000000e+02 6.561726437143103396e+01 4.907894741936344118e+00 -3.518062261644026023e+00
1.000000000000000000e+02 5.952475992023785523e+01 4.488879177280477961e+01 3.140932744851183855e+01 5.236211235815951603e+00 3.205103497248918742e+00 4.255611018690792946e+00 9.024831626698491505e+01 -6.277200838518842474e+00 4.801652414665137769e+01 -1.456640969636815441e-01 1.000000000000000000e+02 8.481928990281321035e+01 -4.020305097336865430e+01
1.000000000000000000e+02 6.276814672083375513e+01 4.422555577336397192e+01 4.696990289675831320e+01 -1.538321515666910955e+01 5.342296424440230851e+01 5.973799903356622920e+00 -9.500260903801654777e+00 5.262752532857000176e+00 2.834098376999851254e+01 8.000000000000000000e+01 -2.486777979466623023e+01 4.089779277583208916e+00 7.538126300155785486e+01
1.000000000000000000e+02 3.471036955757208631e+01 6.524081606785887288e+01 4.693614882770704355e+01 3.097078855698782718e+00 7.990779820543707501e+00 2.724572595520317364e+01 3.789704231672500612e+01 -3.620093830061337670e+00 1.673912643992747462e+01 6.610010388327820863e+01 8.875433264229756958e+01 1.655205098062655367e+00 9.749047452926785695e+01
1.000000000000000000e+02 2.328484829651766574e+01 -1.000000000000000000e+02 7.031597258815362750e+01 -1.928456008882080130e-01 -3.674655121808488900e+01 -4.587485043886875502e+01 -2.960091252725108291e+01 1.000000000000000000e+02 -1.305288987126838052e+01 5.694580256733065227e+00 5.714482958019922876e+01 -3.086813878011533774e+01 -5.221630785880688741e+00
9.966320179680407421e+01 1.000000000000000000e+02 -1.000000000000000000e+02 2.031892328909728462e+01 7.654182857257151795e+01 4.194778787116470120e+00 -8.076463254574670714e+01 -6.418556340471532451e+01 3.198107585216806115e+01 -1.000000000000000000e+02 7.281817558806113766e+01 -1.379609139464760403e+01 4.697706578165757207e+00 -5.036692397295366419e+01
1.000000000000000000e+02 4.417182617921336174e+01 -2.238819937364255708e+01 8.647869545535971270e+01 -5.380729850019577043e+00 -4.926854338958393242e+01 -2.078569285735444083e+01 3.181254328703402479e+01 4.446395927064203590e+01 1.201514167748374717e+01 1.848891035318202114e+01 7.018941587962319772e+01 -8.590591357807149109e+00 5.515603279891018218e+01
1.000000000000000000e+02 3.272805545004901262e+01 8.919462786889499739e+01 7.421676018654143547e+01 7.132816937031060434e+01 -9.204086788609810554e+00 -6.292633902312033456e+01 1.127986966306025174e+01 -7.148393829486252571e+01 5.148127455911901507e+01 6.585296224565709622e+01 8.706139459210017151e+01 -8.377348908028554320e+01 7.005352086886011520e+00
1.000000000000000000e+02 5.350181781503381728e+01 1.110498246139555611e+01 1.000000000000000000e+02 7.654860989046854058e+01 -5.741010483678103782e+01 -1.059542706448406868e+01 -1.000000000000000000e+02 1.877782815967195162e+01 -5.990987587519390090e+00 1.646879887922603558e+01 2.449489569182658499e+01 -2.743144605986390872e+00 2.548948701012758988e+01
9.979282022196714763e+01 3.876653638128864543e+01 8.000000000000000000e+01 6.575488612278947187e+01 2.537549339612640154e+01 1.652673654431241701e+01 4.214871719900934011e+00 6.918686676305456729e+01 -1.483876852906860444e+00 -5.050174463102488076e+00 7.166096788579903887e+01 9.062718324506509759e+01 6.833623884280551408e+01 -5.408418374117851357e+01
1.000000000000000000e+02 7.295423340495912612e+01 -6.045365814244594560e+01 2.778159261904474420e+01 3.822518388855908711e+01 -4.088196648765718422e+00 -3.722025011219240298e+01 1.375474876651405332e+00 8.000000000000000000e+01 -5.292811111907544053e+00 2.299592956843144975e+01 7.262408134089935174e+01 1.623582820018526007e+01 9.671027482925123309e+01
1.000000000000000000e+02 5.212949398598594541e+01 -8.042484328697375062e+00 1.000000000000000000e+02 7.278237059070962189e+00 1.493513332371582081e+01 -1.967698119115230782e+01 6.169912770998823293e-01 5.337403203329741075e+01 -1.217003079186586589e+01 7.271809992164544667e+01 4.637702606454881504e+01 5.774589047353789084e+00 -2.614491841708103337e+00
1.000000000000000000e+02 8.152565564061117698e+01 -1.165191740516386965e+00 1.000000000000000000e+02 -2.995120011972064589e+01 -8.858877646995146904e+01 -1.444029275209219199e+00 -2.702768804334988673e+01 8.497948688242162518e+01 -5.904987706749467691e+01 -7.364497254665866244e+00 3.870752269020468983e+00 -1.917460106455818547e+01 3.692266593584912471e+01
1.000000000000000000e+02 4.240617862851816966e+01 6.838067584319131420e+00 6.019631162968803295e+01 -2.230537582995717116e+01 9.222500610239929841e+00 4.023189157354259748e+01 -9.929363939083705404e+00 1.720786220042410619e+01 1.150559326030351670e+01 -2.717133820299092761e+01 -3.905645766481277548e+01 1.300635338959645537e+01 4.281194864511037679e+01
1.000000000000000000e+02 3.589695883785717001e+01 4.322729693038208865e+01 8.000000000000000000e+01 -3.557717631519674129e+00 1.746839406833319064e+00 -5.489935664011944993e+01 -4.072367224275792097e+01 2.490176122383012469e+01 -2.403180107249078290e+01 4.884846209043162801e+00 -1.836300882747113405e+01 7.936272313471793893e+01 1.537709142801801931e+01
1.000000000000000000e+02 4.530875970125318020e+01 -9.698822471398543144e+00 2.996868938359705226e+01 1.454307378932474748e+00 3.175923052907165811e-01 -2.410323209219710350e+01 8.609235591172118518e+01 4.462786985331486278e+01 5.638107282215393923e+01 1.000000000000000000e+02 2.991761885889066264e+01 -7.314925634840859914e+01 5.496334226720158256e+01
9.157707893195586735e+01 1.707449447810290977e+01 -3.289181551198211650e+01 1.612160369647797609e+01 -8.109432102072614157e+01 2.008693174634745304e+01 -6.182582753104988171e+01 -4.021532655434682368e+01 1.867028638866450319e+00 -7.212981322074953994e+01 2.513572229403354186e+01 6.863809615526582775e+01 1.070120478415487142e+01 7.834918065568690082e+00
1.000000000000000000e+02 4.327413127130443371e+01 6.852904773206745404e+01 4.963674974385248362e+01 4.244729216900783086e+00 1.306400180009660694e+01 3.629276867590483846e+01 4.249078803347320843e+01 1.395205696509118631e+00 2.592355444185388080e+01 7.366849338603755371e+01 9.117452935748654852e+01 5.968851464837927168e+00 1.000000000000000000e+02
1.000000000000000000e+02 1.000000000000000000e+02 -3.087828644970518610e+01 9.780928420015619906e+00 7.662752462261311237e+00 -2.725959655170124663e+01 -2.570337602887908091e+01 1.869841207948344675e+01 1.000000000000000000e+02 6.709126154276288112e+00 1.013330846779432370e+01 6.685178677284989135e+01 2.485006212830373151e+00 2.883508604037175971e+01
1.000000000000000000e+02 8.168999598861100253e+01 -1.000000000000000000e+02 9.241911655895378885e+01 6.581545057546668431e+01 2.099364692040650482e+01 2.744761004522566772e+00 -4.628180019157694858e+01 -1.267326281550450062e+01 -6.216590651497639897e+01 -5.261565491647674619e+00 -2.507379369299131611e+01 -4.902122060206063736e+01 -6.778850729509553474e+00
1.000000000000000000e+02 3.607827007026689614e+01 -3.883621159014509772e+01 7.788663118831753707e+01 1.711977147371092300e+00 -5.864090160308509780e+01 -6.347584272569352493e+01 1.128582016903586371e+01 7.305081320740647755e+01 -1.000000000000000000e+02 5.406063945260957126e-01 6.000000000000000000e+01 -1.000000000000000000e+02 -3.410377610784435909e+00
7.908419891940792468e+01 3.142094966570385139e+01 8.894493022357634615e+00 7.019700693273460956e+01 4.908950133619049438e+01 4.391306718235177442e+01 -5.645760613670021399e+01 1.145278170372510829e+01 -4.731397799187344155e+00 -1.000000000000000000e+02 -8.613829668146546936e+00 6.196486471400414331e+01 1.366905744961638192e+01 3.925007422407050228e+01
1.000000000000000000e+02 6.354348140457524607e+01 2.809396574603338337e+01 9.180661155760860481e+01 -1.241100244880369630e+01 3.463224737611832893e+01 2.226920121822455911e+00 4.518149881213308561e+01 2.000947553594043882e+01 2.838034527740779467e+01 3.588978721315876896e+01 7.426017363607141419e+01 2.694137285893557276e+01 2.177935896259941728e+01
8.000000000000000000e+01 7.333474148539349358e+01 3.139915699578113006e+01 3.519228774264639981e+01 6.660367553627528636e+00 1.973693958931878001e+01 -1.662434035593561843e+00 6.191052902802301361e+01 3.937661844483820062e+01 5.907935541296215831e+01 9.929060952695630249e+01 4.562233026953279591e+01 5.351871658679056054e+01 -5.589800803165161369e-01
1.000000000000000000e+02 8.346516618541710386e+01 4.915087748335722040e+01 4.535034572828747912e+01 1.631982789410015044e+01 -4.147864100497220541e+00 5.891458261548389430e+01 1.000000000000000000e+02 9.388455893759844173e+01 7.103395217574140474e+01 4.380160125220909251e+00 5.251073966834275097e+01 4.814896977215744300e+01 2.898592767306944040e+01
9.623426430649914209e+01 1.000000000000000000e+02 -5.802505173234920655e+00 8.000000000000000000e+01 8.638535906763010530e+00 -1.000000000000000000e+02 6.710299507469854063e+01 -6.619894287875823125e+00 6.390795968342605704e+01 1.200471613874922738e+01 3.230141600761261778e+00 -1.959043735823303223e+01 9.620421897485702090e+00 -1.422238687522229128e+01
1.000000000000000000e+02 8.586449255616673781e+01 1.253148672691217591e+01 3.144528240097537619e+00 -3.204027571621595882e+01 5.360487158327801893e+01 -1.708819741714011542e+01 8.372598352816590150e+00 2.384528113715673925e+01 2.576265436822261989e+01 -4.080373080091302285e+01 4.784673215022751336e+00 8.794734669923943926e+00 -6.766797181785626947e+01
1.000000000000000000e+02 6.630372182926558366e+01 -4.738184442858498713e+00 2.029070123871226983e+01 2.516355864581954371e+00 4.025698898308100837e+01 -1.051427674574575377e+01 8.441949115748734300e+01 -7.245872697004990926e+01 3.635249713991100862e+01 -5.371030759528699150e+01 -1.888026098443358336e+00 -8.000000000000000000e+01 1.398770692000065097e+01
1.000000000000000000e+02 8.929073166818528762e+01 -8.489929783515540862e+01 7.444852257907011506e+01 2.947097476796965765e+00 -5.217154630913427837e+01 -7.807702432576171248e+01 3.179689228149511138e+01 8.000000000000000000e+01 1.508519521025741916e+01 4.386923751364550128e+01 3.953725964648633351e+01 1.623309503541566556e+01 7.028696605177280787e+01
1.000000000000000000e+02 6.271574704219691654e+01 5.128210335776023499e+01 1.000000000000000000e+02 1.028863087311594526e+01 1.378849158631772021e+01 -9.976262424354089831e+01 -6.292867785053236673e+01 -2.476114838064248147e+01 7.035829284132690020e+01 2.287835809199564530e+00 -8.223805277969211147e+01 7.923710404859842527e+01 -2.757356511396013588e+01
9.977328823799604152e+01 1.397013123031733173e+01 -3.809120734957212306e+01 2.790633154254200576e+01 2.919743015157149202e+01 2.610439157249896880e+01 6.039043111354872906e+01 1.934467053704597816e+00 -5.906724862186740754e-01 1.000000000000000000e+02 4.298404304101024564e+01 7.451241185853638171e+01 5.204759773489180397e-01 4.100026869698301368e+01
6.000000000000000000e+01 -1.644370673430000451e+01 -1.446028695022261346e+01 -7.037256153829215322e+00 2.489393526780164478e+01 6.552774537070003191e+01 -2.769829187055253428e+01 -3.604006921266849872e+01 3.557105469198447167e+01 1.000000000000000000e+02 1.000000000000000000e+02 -1.190511462205570581e+01 4.061180694590007079e+01 -1.179009250447513324e+01
1.000000000000000000e+02 3.585050083286583344e+01 -9.602605579734796493e+01 3.762305636310171053e+01 -1.381526231339097777e+01 -2.377088749330904704e+01 1.513369088779853655e+01 -2.101504723753816606e+01 -7.390571696381715583e+01 -3.715263658488541409e+01 -3.217869257935022986e+00 1.000000000000000000e+02 1.934397908631736129e+01 -2.359592596858423974e+01
1.000000000000000000e+02 3.891943133796181087e+01 9.187674679205359851e-01 8.000000000000000000e+01 -1.707339054508606679e+00 5.444385495096328853e+00 6.066442831809855107e+00 5.830604941640523009e+01 1.000000000000000000e+02 6.808639793020034858e+01 3.716210783910518956e+01 3.600208277119358868e+00 3.277016715579225092e+01 -8.357669610723728937e+00
1.000000000000000000e+02 8.000000000000000000e+01 -3.481725067442937416e+01 6.958543506298933323e+01 5.653207721602581870e+01 -1.716371793992590256e+01 -1.470805924140756815e+01 -7.595748798015291570e+00 -2.654567120203036623e+01 1.892720877165660909e+01 -5.804558358164656795e+01 5.136406785429034727e+01 7.276190154357233553e+01 -3.016373440857741528e+01
9.912239005028041561e+01 6.418312443393691069e+01 5.714824109413815023e+00 4.146700625074701207e+01 -1.950125184304638637e+01 2.029225744876777426e+01 -3.949142471420362455e+00 4.018154136422282363e+01 3.461130353026674555e+01 4.388090260649047991e+01 1.000000000000000000e+02 1.000000000000000000e+02 -1.725111642785204680e+00 -5.155373283500493287e+00
1.000000000000000000e+02 1.416024550327276543e+01 1.000000000000000000e+02 2.433159550761357082e+01 -2.586680181043465865e-01 3.743268437475889954e+01 6.000000000000000000e+01 -3.844884568920502232e+01 -6.393943355797517825e+00 7.951798592417074474e+01 1.724956373596186765e+01 -4.915294124505027895e+00 1.669617941666301419e+01 5.387892960858151525e+01
1.000000000000000000e+02 8.823397454463034251e+01 1.357824185856434518e+01 6.626215208962088354e+01 -8.553822942477129487e+00 2.494499918103238301e+01 -9.209529587839733722e+01 6.371526656064003813e-01 1.673699680101791287e+01 2.396903991473730144e+01 -2.230538487333610931e+00 6.151770473423293595e+01 7.341281909930319038e+00 -1.202381357092810532e+01
1.000000000000000000e+02 8.326698245122827302e+01 -7.144539904383600515e+01 7.164764238081495762e+01 4.549451985876062565e+01 -1.007509619098583542e+01 -7.507467892559458278e+01 4.128242767893768672e+01 5.139639637375867665e+01 2.679807548989763788e+01 1.560994712962021325e+01 7.014506137659677165e+01 -1.106676761334951919e+01 -2.695579784193001416e+01
1.000000000000000000e+02 2.031280090503713609e+01 -1.362835716244946838e+01 3.298411539349621791e+01 -2.068118646783823067e+00 4.240958982253805409e+00 2.430897711820179552e+01 -4.136963258227615015e+00 1.000000000000000000e+02 1.707535348077257709e+01 1.000000000000000000e+02 1.000000000000000000e+02 5.158440592972024064e+00 -1.849283460474426377e+01
9.921530201528912585e+01 2.179715748867936043e+01 -7.300684013581673071e+01 2.979019974054801168e+01 3.935918341406205911e+01 -1.199286886374347993e+01 1.097309766866873204e+01 1.477669959038970049e+01 5.501846233508997841e+01 4.466214651152640158e+01 -7.955764843770939621e+00 4.902210547131198126e+01 2.171628531545293583e+01 4.366623472713984455e+01
1.000000000000000000e+02 7.832049794443022961e+01 -2.300533461794277201e+01 1.000000000000000000e+02 4.416326865292397486e+01 -1.839579343613512918e+01 -3.739437292690708858e+01 -8.159736937354713859e+01 1.000000000000000000e+02 2.876569607956390939e+01 5.096729184894231679e+01 3.336625984853910865e+01 -8.250012056228649726e+01 6.555915274989767738e+01
1.000000000000000000e+02 8.189786356146126423e+01 -7.355786730299379883e+01 7.922980920349310452e+01 -5.316802557963551834e+00 -4.197489396318368904e+01 -8.000000000000000000e+01 2.914718139615815318e+01 6.593109156831776829e+01 -7.086425879308585252e+01 1.604562422168815417e+01 1.000000000000000000e+02 -6.288622932536270582e+01 9.084692208888320408e+01
9.069943777702340526e+01 8.000000000000000000e+01 -1.000000000000000000e+02 6.457511976879686699e+01 -6.099351978877007241e+01 -2.181521471321966388e+00 8.930131645047771372e+01 -5.603082262465838426e+01 -3.875462100275403543e+01 3.215251743480992275e+01 3.373118246878638615e+01 1.000000000000000000e+02 4.834474608287032993e+01 -3.431347315856817914e+01
1.000000000000000000e+02 6.697588250731908488e+01 -2.835621157363537392e+01 6.902980204406745202e+00 -4.930335684801949725e+00 -2.736242576520776026e+01 -8.240561890494690545e+01 8.958447373848684947e+00 6.923845842567403963e+01 -5.874030877346688584e+01 2.445272795131603161e+01 3.356937968841690179e+01 2.727423013118517758e+00 9.494847956333379102e+01
1.000000000000000000e+02 3.568255865453775044e+01 5.927402035919467238e+01 6.049444038805233959e+01 -1.260086323387358398e+01 -2.394095791631503545e+01 -2.382621132399798114e-01 6.549881917890775185e+01 1.227342541614663141e+01 8.867245365613354124e+01 2.413610593028602125e+01 6.042167406679762820e+01 1.000000000000000000e+02 -3.021505837936366490e+01
1.000000000000000000e+02 3.974123415272688931e+01 -4.508924891996972661e+00 7.497448726519456841e+01 -1.343770654522496955e+01 4.784885248075633513e+01 -8.000000000000000000e+01 9.993811447985110874e+01 -9.630446965931012571e+00 -5.355948488757940140e+01 1.105687745327263771e+00 -2.069350648770686618e+01 -2.335940893931435625e+01 -7.778222023186012279e+01
1.000000000000000000e+02 5.430883222368774454e+01 6.861928253814936340e+01 7.349737341704749838e+01 1.897376593734254513e+01 -1.186720425968509218e+01 2.337441246635400205e+01 4.513501239347870353e+01 -3.343071424051139218e+01 4.319562771119850098e+00 7.737673496291779429e+01 1.000000000000000000e+02 7.042794408719622368e+00 -1.493884719187089871e+00
5.324621119380572054e+01 -9.372102539133166488e+01 4.829358318275683359e+01 -6.571673186210161077e+01 7.351948847523718200e+01 -9.961257393487387901e+01 -6.236204484136009540e+01 9.124935287961591257e+00 -2.429640501017813392e+01 -6.657359405833862809e+01 -1.325721541386562308e+01 -5.649560234025705796e+01 -8.544075072825054917e+01 4.838154699835632755e+01
1.000000000000000000e+02 1.766639843658524711e+01 1.000134198867717039e+01 5.349647905279253024e+01 8.433021540195230159e+01 -3.072610756230617923e+01 8.369720118381144047e+00 3.407293780748472045e+01 1.000000000000000000e+02 6.034797084634070075e+01 5.358848050597102031e+01 8.000000000000000000e+01 3.120928999795715342e+01 8.056091022147949587e+00
